$ANSIBLE_VAULT;1.1;AES256
34653230373064623165633730353931666363343637663938366163343336636264303832633765
6561303562363433373131663331323265363839366365380a326334313938393135663133663162
30633463613639303461653335653135373235336562356637396236643437356466653936343664
3465383966366239330a366166623937336265333364323935666338363636363161363266356461
65343466643633363839376465363466396139353261383466333836363663656635633533666137
35356434373332323133613831393438633739343430326436336530623930333165363238333431
34613832323830363164616538316539373538643364363431353639326539323235663463626362
33666238626139326634303062636163626630636532363636373236626666636562333064333834
30333863313866396363356263653933633837666262316433636464383336383937636463373433
33623930373332383163363365616362353837366537356361306262663863643330333962376135
32653964326533323933656266383264343965626536353939646330333661383237393135376437
33323263373139383135373435613836316230343336656431333963373130643431313234376134
35653532383363636137316231373634363864336533613935356261646130313639363332626130
39313738346135643434386237346432303932373363623036663237373734643632363332343831
64663964633037623164356337643834613437306661306463383935313766666634626161663132
66653136333637633632303864396565326234343530386231613739363366363364386535663439
62386161613331313331333230613263323730663831363938353437313062316631383730613262
31383530313037303631383762306438336337363432623961363264313537316165633039343631
36613064396537616465353335323263636535316361383761306436393137366236323332393339
37303639393562633434326163613430303761333530303063353965656163666530663134373364
39636531633333633537393762633836393633656434663536616663333438613535623462336365
36636161383265383437393335643362666465383532383162323764356464643736376137653630
66643466343034613134663762623561653061653831376163333739363438303332656662376432
38333164306161613436373833353036646238383765363635653830343833303232626263346531
63373665653764633465343736393062376435396466323231396137633730343463393235303664
66333764363834393234346139343234343063343037366338666465376365383766303665613962
61383862373966326437613665653165643534396133633234643163336362323631373637616433
61666333373332386163363965343635616566393437613233653065636366613261356539383730
34663961393934353864613566623932363932616365376631333636373130643333313635323966
37646166633561346230356166653662643165383434343736376138303338626164303830636466
34373361666365353237306163613965623163343639383731613461663634323831313065333034
37323838336330376661303866616463633661306434353139656439346538393865306332623334
31383964646232643038313735326330613562616232353031373965343932386464356666323131
30366638356134323033636534633231666463333639376434373461376337616364303734353264
36643763653831303964393435376437633065623666383864353339363338633964616131396234
34353535313539316639623235656261303134386135636461663362646530613562366362376438
66666539323563373464393661346637363332353335663538393233363666323261336331643935
62343364633834393432643966323562356239646331613135353937383331326638306434323339
63376464356138636664616638666431656164333263323732663737643530646563663664653038
36353733666265303939373638326433396332323338613464613933346430623235333438656331
37343538343332666539303065663230636562656634346330663761356637343334393731323762
66373732626130326338356539373538643537613230626437393735393039653464333332363530
61306538613830353930343662323736656236336132333562376239666533643863373964333036
65383130343339343339333334393535326439663539643565323238336232353333623066656538
36336532363336303866346261316630663138383530663435363935616564316436643333646265
35323830386638666132316135643431663966376564616438333835353036613535383039636330
32306563616266333265633262333539343831333637303966633235386561323136333338353033
39636432383032323735366561323432623637363136343233653935353635313938306232323162
36333034323231636336313230616136623031303266666333306139306236376436663238646237
34303738363966303039333066613839373464623366316538333934373561333535366565613563
37356262666562613566616335636466396339633338653932626161383134643734393561613034
31376235643761653333653139623931333739346436656232616266373136646264613035343261
31333066356532326665326564653764356461343930393136343135363562383539613661646264
37613963386139646433356531333766666433646434326663333636393030336334373433666436
66393536643634326535383335653035383439313332303435616366326536323161633266633632
32636434333939646533366565393261616430303666343264386535653537313736623461383433
39656163666563393231616333353334303663353335616533663134613465396333663966386434
36656161386466646365336336613531626462663563353465623937393335303863313335326234
65653264393261353864336136313532653265313166383636663131633037666166653662613134
38326566616536663963643932333465656239363037643134303437396262656331326236363136
39646163613766633430616333656232306565336332366433393365306138663530316537353636
34323464393139356661336430316536343666333433663937393331313134343135663230613937
65626666393838613961613836376638623538323331663530653563326238313230313834343432
31623233656636373530376339633630336361333134306630663738343335643838363639396239
61303939663463366538663735633665396365303062646161646461633162326532323836363839
62393530383637663866626530326361663366643938333938363530383662653336616163366666
38366534336536613832363064643338356263643832383762663234303833626431373830613531
61666238643861386134653466656434613863306565343561386563303239336663393231663230
65356133666236663432646539376630393661303962623837633134323564636661613664623931
64326139373837346435326234626634343439303362663336346332666236366166366466323338
31353530383739306139393261383666653461623864653830303438383432613837646237353136
62333265613733656639343632626263336263623061323234366232313561376161643531643039
35383731666435383664353535356463313735326163333963376439633561316136383830636661
65653064633466633533363837613233643963316163396563616234316466316637623066653130
39623933376539333333663461366366383239393838633738386566633739373435656535393731
38613064313530363134306564396131393462663035346137343935636233396432646363326266
39623065666534643936366332303135653431303433613836636538623066346433346463313063
31623364363933636539316538396537653138366239613631333665343462303139356265643332
30326430376239656335636265616130653666623431653635393461663762316131393534326265
63303232623232383861303430656538383735353266616230396365396239383764613530316666
33323632386433633037636336316461613535633063303038643234613161383537343837363962
39393434663863646664373532323234613933363936616336313063336166616466626238633033
30663137333136646634383335313262663436613863353132363862353763663139383466306433
31636161613566316366366432313939326664643732616639633166633231306261623733303331
39306130393437376632393265386161383563356137376465616236636639643733323336663530
64336433386539333136383337396632396334366236626330623661376136656463376432633833
32613361353637613361663537323933333634353430383937386133643263656136333639643864
34306362306430626131626432613531383165326237353862663364346334306131653432343733
38646362373131303731303462376264616363383538656235303934356364326361646638353962
65306536643965343639613565333534373465313936666136653964383638623864366563326332
36343563336631323839623231663863636638393933323765383236373530346563356562633764
61386437643762626135376164303339336434313535666565386330333039373635316263623231
33323530636665646630643632336238633561623739616135373231616130613265636330616162
61343832616636653663646335613661633263326133626534316130376561333264306333383532
38396633313861366633653462363062323336353766306439353962393461623564323838393864
32363034386334613766666162636530323936656661383263653339643063643639383834313537
36306533323536366631623939353162363731393030306461636339383035303062313437376230
63636264356364623465363437333034353961646239363433386530366566363031663031656132
63623266336266356463323739653735303237346333323336356562653032376333656265386139
34373961386639643535653834636361383061326134336362663264346131636333373764323234
31353565306363323766646431383765393636663135363661666530623836666131333162356534
35346233353032393338313531623036313139646636373966376466663237303435636632633666
36326334633332386230326464633336303734333939343836383265376631653361356337333964
66633965633530353861363361393266396665653437393839343265333865363965396631333631
61373765626631616565306361653433663163343638323938383738346631633038643865613438
35613332326662353738356666663166633035316562343937363037306437666439383234353162
34653561346665623361383139653365663664353362323466306434303737303965313836366237
37656564353865313561313064646435636432643930333032636230616266656239323263343837
31333138373663346532336664373232653434326562316338653434313736366461656234353562
35353139376564633439336632356132373733613837343739653461356166333039326262336262
34643863383230653336396662376134633438616139363066306638396565623934313063396563
38323965663366356562626437383734656632303731376466346435336433313065313465366133
39663961363737333232653033313836643534356537383534323437613364376364316438303238
36373164356362616666353263613237343739656430313931626230643234393339313561373734
35663464623937363837393766383362333565326234393962663638613337303466343837336636
38366239656134383737346435316236646233613963363436313235336230303130653930333165
65303239346537346538386261373161656163653339303630363536313434323838366164663564
36663739376562323265353931373838363135656165303734363030633265353738326637313634
64343162393832306162366262376330336330386530656266396539326536343937323831616662
36316632343463373539363832393030336663343836363361376130333936343635363736366562
64333239373636313734656432386631323932383135356464373030373366366165323365346639
35313838643065616439623566656334393366646162633033303430643930363839323766623961
36653265393065393133363431383633623166346630306437306337306463336465306130376561
37663964356136373730656364646361363531353434303764656330373064383736303863666234
34343134643463356332353561663932643038323835373636393262313130343866346563323064
32363231306463303130633364356439613863356638646538663961363965613633393866356430
35326532633262313430643735643333313962336630613333356438653765633230646363373237
61386665323562663163346262373863373032306637306362333164353464643336376430363038
31356237313966376534633461643338633037363139653133623964666535623736373039393538
61313466623131366333313666303437326662626130633631383035396231333061343435633062
35633564313932653266316265653663396165636361303539613666363130316333656630356535
34613365666361323636616330393766326662643930613430636431626162363935366261663331
66616436363539393732373461303233386266366431356165626238633161356534353466333763
33666238656464613463393830663938656132366238663731313138363934363866636362353565
66613838613465393464343238613837326232666530613363396162306236623262643139353930
38353165366632376533646532666162376337393065323364636539656436613964383361613935
34663039336235613934303263343862353665346339393438326538336366643361313133643163
66336264663538333939373635383866666233623736653462643963646461613064303433623634
30646233633566643035373166653039333064616435643665623033666261383130303562353837
33623061353839626532666633316237666334303465333332626134306162383437313634336161
33393162346435613932326636343930653662333038613061366337373864323232326236396561
61323166336435326434343830653362373435646661306633343330633262306130393030373366
37326262313331613132666363376137343035373232643230633639316538613339393936326533
30656339653134393861303439663064333562646236666333393565383261623833316439313534
62353962323934306130353330383365613839306438303834373466336635373366663234613739
66646363363831323530346266656535663363373232663262343439353464663739323435636565
34393532646534353534313439326432393566376234376338313365336130383833343436623436
39626661313231613433
